condensin.trimmed.ids<-c("Q90988","E1C612","F1P3C6","F1NH88","Q5F475","E1C181","H9L3L1","F1NS98","F1NWM5","E1C0R4","E1BRP2","F1NDN4","NP_001244261.1")
condensinI.trimmed.ids<-c("NP_001244261.1","F1NH88","Q5F475","E1C181","H9L3L1")
condensinII.trimmed.ids<-c("F1NS98","F1NWM5","E1C0R4","E1BRP2")
cohesin.trimmed.ids<-c("Q8AWB7","Q8AWB8","F1NYY6","F1NYB2","F1NYD0","E1BQM5","E1BSU3") 
scaffold.trimmed.ids<-c("Q90988","E1C612","F1P3C6","F1NH88","Q5F475","E1C181","H9L3L1","F1NZF0","F1NZF0","F1P1M8","F1NDN4")
smc56.trimmed.ids<-c("F1NK20","E1BWW3","E1BWX7","F1NV66","Q001T8","Q5ZJY5","NP_001264392.1","F1NF41")
cpc.ids<-c("EarnshawAuroraB","F1NSZ0","P86346","H9L1X5","F1NN48", "H9KZQ6","F1NN48","F1NUL2","Q90VY6","P53352")
cytosol.raw.ids<-c("E1BQB7"   ,"IPI00600394"  ,                
"E1BQJ3"     ,"E1BQK4"       ,                
"E1BQM2"     ,"E1BQP4"       ,                
"E1BQQ5"     ,"E1BQQ8"       ,                
"E1BQT3"     ,"E1BQV4"       ,                
"IPI00595831","E1BQV7"       ,                
"F1P0F4"     ,"E1BQZ7"       ,                
"E1BR10"     ,"E1BR42"       ,                
"E1C1P0"     ,"E1BR81"       ,                
"E1BR89"     ,"E1BR91"       ,                
"IPI00811807","E1BRB1"       ,                
"E1BRG6"     ,"IPI00578648"  ,                
"IPI00571375","E1BRL0"       ,                
"E1BRM1"     ,"E1BRM7"       ,                
"IPI00596612","E1BRS0"       ,                
"IPI00587490","E1BRV2"       ,                
"E1BRV6"     ,"IPI00574632"  ,                
"E1BS29"     ,"E1BS37"       ,                
"IPI00818233","IPI00588615"  ,                
"E1BS82"     ,"E1BSA6"       ,                
"E1BSA7"     ,"IPI00576361"  ,                
"E1BSI6"     ,"E1BSK2"       ,                
"E1BSL7"     ,"F1P0S8"       ,                
"E1BSQ4"     ,"E1BSU5"       ,                
"E1BSV8"     ,"IPI00821766"  ,                
"E1BT09"     ,"IPI00602204"  ,                
"E1BT75"     ,"E1BT94"       ,                
"E1BTA0"     ,"IPI00579930"  ,                
"E1BTE0"     ,"E1BTF5"       ,                
"E1BTG6"     ,"E1C9F6"       ,                
"E1BTJ1"     ,"E1BTJ2"       ,                
"E1BTL1"     ,"IPI00594725"  ,                
"E1BTM1"     ,"E1BW46"       ,                
"F1P3H1"     ,"F1NE49"       ,                
"E1BTT4"     ,"E1BTT7"       ,                
"E1BTV0"     ,"E1BU15"       ,                
"E1BU33"     ,"E1BU45"       ,                
"E1BUA1"     ,"E1BUD0"       ,                
"IPI00603215","E1BUG2"       ,                
"E1BUG9"     ,"E1BUH7"       ,                
"E1BUI5"     ,"E1BUJ2"       ,                
"E1BUL0"     ,"E1BUM0"       ,                
"E1BUN2"     ,"E1BUS9"       ,                
"E1BUU7"     ,"E1BUW5"       ,                
"E1BUX5"     ,"IPI00811846"  ,                
"E1BV28"     ,"E1BV34"       ,                
"E1BV75"     ,"E1BV98"       ,                
"E1BVB0"     ,"E1BVF5"       ,                
"E1BVG8"     ,"E1BVI6"       ,                
"IPI00583062","IPI00590039"  ,                
"E1BVT1"     ,"IPI00577857"  ,                
"E1BVT7"     ,"E1BVT9"       ,                
"E1BY11"     ,"E1BVX9"       ,                
"IPI00811465","E1BW07"       ,                
"E1BW27"     ,"IPI00602795"  ,                
"E1BW87"     ,"IPI00814473"  ,                
"E1C1N9"     ,"E1C262"       ,                
"E1BWL0"     ,"E1BWS2"       ,                
"IPI00590933","E1BWV0"       ,                
"E1BWV6"     ,"E1BWW2"       ,                
"F1NVG9"     ,"E1BX23"       ,                
"IPI00571779","IPI00680718"  ,                
"IPI00574313","F1NJP0"       ,                
"E1BY12"     ,"E1BXC8"       ,                
"E1BXD2"     ,"E1BXF5"       ,                
"E1BXG2"     ,"E1BXG8"       ,                
"E1BXK3"     ,"E1BXM2"       ,                
"E1BXR0"     ,"E1BXS5"       ,                
"E1BXW8"     ,"E1BXY1"       ,                
"E1BXY5"     ,"IPI00575540"  ,                
"E1BY36"     ,"E1BY48"       ,                
"E1BY88"     ,"E1BY93"       ,                
"E1BYG3"     ,"E1BYQ2"       ,                
"E1BYS6"     ,"IPI00812590"  ,                
"E1BYY0"     ,"E1BYZ5"       ,                
"E1BZ16"     ,"IPI00575105"  ,                
"E1BZ70"     ,"IPI00603273"  ,                
"E1BZ79"     ,"E1BZG1"       ,                
"E1BZI9"     ,"E1BZJ0"       ,                
"IPI00596481","E1BZM9"       ,                
"E1BZV7"     ,"F1N9U8"       ,                
"E1C2M1"     ,"E1C007"       ,                
"E1C013"     ,"E1C018"       ,                
"E1C023"     ,"E1C056"       ,                
"E1C065"     ,"E1C093"       ,                
"E1C0C3"     ,"E1C0D6"       ,                
"E1C0F1"     ,"E1C0F3"       ,                
"E1C0I2"     ,"IPI00591828"  ,                
"E1C0M1"     ,"E1C0R9"       ,                
"E1C0W7"     ,"IPI00587291"  ,                
"E1C0Z8"     ,"E1C123"       ,                
"E1C144"     ,"E1C165"       ,                
"E1C182"     ,"E1C1A7"       ,                
"IPI00594812","E1C1B6"       ,                
"E1C1E1"     ,"E1C1E9"       ,                
"E1C1G0"     ,"E1C1J1"       ,                
"E1C1L7"     ,"E1C1N7"       ,                
"E1C1N8"     ,"E1C1P9"       ,                
"E1C582"     ,"IPI00578118"  ,                
"E1C245"     ,"E1C255"       ,                
"E1C268"     ,"F1NCG2"       ,                
"E1C279"     ,"E1C288"       ,                
"E1C297"     ,"E1C2A6"       ,                
"F1P1V1"     ,"E1C2E3"       ,                
"E1C2E9"     ,"E1C2F5"       ,                
"IPI00600635","E1C2I3"       ,                
"E1C2I6"     ,"E1C2S3"       ,                
"F1P2L1"     ,"E1C310"       ,                
"E1C322"     ,"E1C3A1"       ,                
"IPI00577474","E1C3B6"       ,                
"IPI00590694","E1C3L7"       ,                
"E1C3M4"     ,"E1C3P6"       ,                
"IPI00594449","E1C3R4"       ,                
"E1C3T7"     ,"E1C3U6"       ,                
"E1C3X1"     ,"E1C3Y5"       ,                
"E1C407"     ,"E1C420"       ,                
"E1C444"     ,"E1C458"       ,                
"E1C459"     ,"E1C477"       ,                
"IPI00573846","E1C4C0"       ,                
"E1C4D1"     ,"IPI00578126"  ,                
"E1C4K8"     ,"E1C4L3"       ,                
"E1C4L7"     ,"IPI00593341"  ,                
"E1C4U4"     ,"IPI00574183"  ,                
"E1C4Y6"     ,"E1C502"       ,                
"E1C524"     ,"E1C530"       ,                
"E1C537"     ,"E1C549"       ,                
"E1C586"     ,"E1C598"       ,                
"IPI00594777","E1C5D2"       ,                
"IPI00588336","IPI00578657"  ,                
"E1C5L8"     ,"E1C5N7"       ,                
"E1C5V3"     ,"E1C5W9"       ,                
"E1C5Y9"     ,"E1C658"       ,                
"IPI00602900","E1C6C9"       ,                
"E1C6E6"     ,"E1C6G6"       ,                
"IPI00570670","IPI00599833"  ,                
"E1C6P6"     ,"E1C6Q1"       ,                
"E1C6T8"     ,"E1C6W3"       ,                
"IPI00593240","E1C6X2"       ,                
"E1C702"     ,"F1N913"       ,                
"E1C716"     ,"IPI00591069"  ,                
"E1C7A7"     ,"E1C7D2"       ,                
"E1C7D6"     ,"E1C7F4"       ,                
"E1C7H6"     ,"E1C7I0"       ,                
"E1C7K1"     ,"IPI00577690"  ,                
"E1C7L3"     ,"E1C7M3"       ,                
"E1C7P4"     ,"E1C7S2"       ,                
"E1C7T8"     ,"E1C7X1"       ,                
"E1C7Y1"     ,"E1C7Z3"       ,                
"IPI00580740","E1C849"       ,                
"E1C866"     ,"E1C8A2"       ,                
"IPI00819293","E1C8J7"       ,                
